3056410766913652444075378670852614267592627636
111295480210505339809760
88730833880981033222984
24221063269504024543884
2477601056622111150555880281875189973395625957
179277307410811346900282215167983459225206064
Error
60360480873765883130623
4294402597322222491228681273214461522707752688
110406201955652141705812
80601393123675041809708
11925248948224969932080
4269927948942388219385004326520257757806526099
3134773626015071025777376856808057897326371776
4631685620271050115222330981868627296963702080
Error
98033897024188384350423
770472170978820017722794670367009338298495244
267928760231672800006527071174622171488998368
20572252807221190130804212741117883303664206
3722543132962941657975
56644231075675480856823
156740211972135133833681
2083846783269112273768954121340191916416461684
72222724753022115940444
7465491841368359478005722768460356082191773060
85548877057789194863039
47474307700809095048532
Error
44483118600823880181861465751589217423083008
127801085633483601161980
1406135046460807262760924486366490987295197904
123738157800585270999471
145407902897494560220266
41016316807686777521827
8581170760493294153555551106297649381435676614
118069903773592897117182
38083186757823140476722
335623607203765867923689161191616578475772580
1098822115154278380923865600818321450792094963
8165024284986661543470425607445440196519500
3999288342649901063709244412246802148052463520
Error
180810445832478380406207
73023419560632699358504
83023522646374488150164
737882732481029711055078204933808186719605065
162790357091877864321375
Error
79444553919681188148233
96519054897507694434752
Error
57029512383698855176302
102063728916521353493862
106288938215248839630796
123335299605086500654915
Error
6468053860236192565232
29051495517328153365833
179248248554437516483172
Error
Error
Error
106313165509618016247665
9616927930005660747209
2951712715963910888072969202017765144311026384
62626186625950551242255
924475281654158460291084008452364338439116464
43893737868255361397632
58791054220596937128241
18247039916822849885395
472909650009329997591933449871994623879186900
79312466999529754524131
29367042880023735229851
Error
Error
98283707211579144631949
Error
52874555227737563797168
189932624871490078378690699847720019850379776
37732317003614792779318
105718554817340666203365
6297626471612316051983022922183074777811322400
80059349827737797872410
151902544935062428148956
Error
7454971530421705384638
88463842811469338502682
155383341005668162441856
Error
33145369714277337916585
Error
51931167167538026504470
40860229315100803585220
Error
1761891457588305143246496136951358584481941256
3095525616550997605223
63209235532439887827421
Error
Error
101298628211077982233576
6159131778386626036180376758508865926995932378
67216496173739464362398
1127895167053787000047936941296943827880041808
15463459602983653852426
594747818854861148400498037031685453806136768
100258166176577830528503
71421640845917820024225
163666831687408530166616
2022375214607873828388735151523837253453963648
Error
Error
Error
32422975650850425841944
133072670015546811900332999396741982429773916
19975218928831725206978
165503970461604455413340
27061641403393942190782
105346430335766548795497
81898749336427074172482
Error
123612422599574600663870
1560372020675453225501716125948715706239855180
58467836224325281609121
Error
182757518587512613943338
1195374490125546671231279399338410430598118
33046347734614952893339
2323523755181695672255683990417114921355174905
147575834573851010589569
Error
61727545796734985436235
591402785792873220661533611706512684715832955
136748294990071661404090
47501498235620668665676
784058027189476200363801883070889327708100716
5646618401359613899033968302778472347051270736
Error
2173820137382631235018272915416660539941451176
78599016377639604819124
104247159251898382618130
4700000023735476103129095713189340532188212016
2378701169681133770314642876405334286824887944
3366188238165162616204834183267741291108788492
129058665739705684776932
64460472752375783260274
2986141642191690833424824311380655188691367038
52014095886160210990405
18560358501975189266416
346918282794828217194698635946750893849228425
33481788670015371462473
6597003030206758755312704665140181828460499008
104567568860003916132331
831344698194769694686742227479665416564667820
125293556119696918178332
Error
Error
145769738351895237411850
Error
6364239034697707855839840665613607084004270760
72306546838051165305901
Error
37164226883690761964521
493346410384628172319355809250409590297717940
2874668901414397843274131742124121664862455080
118026243190341081055226
2217460463111169950391784147475210326371640110
7180637150177958563733067476163792780360591500
2586808853992631582888603373253217161699913251
3714393717210384700786377856472721173722912161
80583306474622954679936
Error
188819307747313509920078
74453126909924685857543
67561307900670606402241
20039460741049498293572
3414784848089742679777885350134908286967786678
58278857602733599320116
6959793826751450513594469411416153356615359314
Error
166338428512015477747663
6753909750520300358282416470438807150284384015
183562386326733673983471
72424405789110896549563
131317779974511299374321
6878129173580371899901126653785010578113802981
1102857264535637103412082793844496671877099328
150287674925961578533037
Error
111378289518280696958990
29124169604388541927848
38037179067308823497408
105440080084190251044097
109714706243078257215740
5548552462304387462416117349238740833299007653
151570507768878578112144
Error
Error
49257435738221737824589
95522243637373778274766
Error
72397863281478700884028
Error
Error
131758563997192331436124
75278401217394920319767
45951676899789886048137
Error
121423238896358743981121541279493587037501651
469284567898007898342683112361876252735617440
73978506759535861265351
61907080883753982557130452817409017513817024
3092166218043759954767210008416455472249999264
Error
89554313162421992732189
124520977308295501071130
Error
5947082070699931972544406699199624924174504026
764318807848390898192751825121819704689142876
Error
103637281623945696391929
128645451002166570649226
41923504984699467009182
70844358104249819638960
4974445972219526564328091871269310915769512856
111573473668785567997487
47425057986918258706179723405363013560890090
50706515286182267532167
116927782028148583376179
14728915322417455298506
73157872494198154165296
185290433823921235894134
106749165809848686927801
88244020824207566926564
139079077133032057614624
896722023737743715225757853595382515118909914
Error
3053474225581551930657969537158473161812261096
Error
96686659963238170885781
796446349488923590386249777424231733519852600
3104334858017738266914142365395721186885104580
49522432643100158395913
Error
58797800521989200558967
49659065593176085694306
1358336230493112477746535642906566941682571720
69470875471747951540039
491559165083031144521680060240997473316080486
1595131591107744118935771062534834593124943929
22646077401965321404981
Error
1463272771707092725229878179420876787037513700
126672613763294949289556
5592080398575695195188
2151446219584921383913010261112845695787691750
Error
86016287297191009190444
156437899123868576174125
78914951349197302348862
2602272581174798370383460376369506979575160530
5600323500340565338464850819970954350114930000
5512339813116277372783268147192754067055405590
33054899884190976115522
Error
115790041227473592872526
4918850989780468223089422648352507104157323744
110981575492253935864150
124409994542465857342626736812760402469738223
620508640395080736650191669630679593385696810
237255655506456288901482759221801779986248396
18902700569153763714619
6797271815317818189128416836108635686670837464
69430733445061642593467
1793596112352509461944158315748442176525970238
Error
1541722157327249044873692482152778693442724720
6182955928840644395503860080755753339593152044
127537262083974845511773
56403394297921707216335
5533718783975297523010885889359108565725150546
202845415324181060531717642117870693996512866
475112401127282033398482477089944719463089157
3389148094387953042243028711588834788367736575
4615906795161419882696821247911601677280635520
32492055653678504163231
Error
94426385654597659066605
28202589104001666137399
79432987265447602854715
Error
71364924434973258771600
1135077544574171194216396219126915810364871979
5816620675870265496880991752973165394122373000
1627057583976310827604652021694379027265891513
20736775323701011768346
1250018870381607392853688490000784749358264654
Error
78257952413987704196458
86399647411347064794072
4379888304631513356913459091997239441834832216
118188381248658080956189401448547391259039104
Error
170200860408368934945131
96080629467772285183234
3145562728579173349469613563123111763884804049
16624543789871486690905
66621356479088358231246
88107350956043335968992
54062824546490328450645
33450292131115823539271
Error
2867976629375501083014203665102769820326797146
1077396049396296705568879526343243423719734818
760519732820182712697289696175738600504008716
71915443850015223221865
42306011899752547664844
4771007330098109823136111979491604650218200469
22805378554903282965888
1285659110677932728141027814965326174906504556
1157259372219965728717562040862894341558896856
38880664161290672450494
56583766758721629284863
Error
65503148172666427098566
127172329117213646899456
Error
9569081165738944873125
8276476800911074567169
32560550936201219916184
615524674532682907669289062309937555652140904
71916643885833273070227
147727785398280618477310903339095711093090643
43673083817965098108845
65115379485544819121014
95966896878963202006448
17440052660252992390062
151831773902680464728516
856551151306938921493328087336464272027811962
4487835175602623618063348292391205652891312197
110409814230316791938249
Error
61319440020824486225556
Error
32920067231332754827007
108876660166541228937537
164653075850443186862915
Error
120158405409116348814506227499355255192949198
48863004044405229219499
47671083369053782670884
76284485431254339497890
1042014106853045892908910460050811925273265748
1679464831439527843122536585607549037517259200
36324137962864053840333
1329527752037669418306680627882413173738546624
21213133666831928666172
32188952314468723929899
88826093372331210566040
541988005317587561232189866384563605765700360
77843978326513946922218
107157458530635487303798
140866827078354309161023
66471594677411719601404
17824524889063006820049
37301552784578483301545
2717167871340366032858077222524348122940990696
Error
Error
151713182453354900717252
50927528024074440882872
6186208542951555025168791940659307184203717125
Error
1334001380298679755416905478637690701672277113
184262528296320247883939
Error
409578708806073501782813826385303430278678056
98286045612689713222648
Error
Error
746972416167822243070419977083195373814242492
Error
139221925631759038756912
7079072015457230368245305421987674767227666033
191158930125617416635877
94518289649423266341195
22013898676451886641368
Error
2503090450615786974492137476522858499585909729
37929343706119419527504
67472157571851823385905
69894759341469005829054
100741542792789270787893
138486206231490061528631
1687528398163046412100
Error
1368155750526605076367769064598305806379187638
34965190919629112268502
114496789306341823484795
62288501835178721168434006382787302552268995
59974845356075824314256
2562726636251563135806698736956890540986541125
42401709050680176395288
130310502026903408677356
Error
118925740742268137083411100544453867711582352
505047183517472560492364652025273611646196468
200835851596367839337316281371166700487231914
185884740405697414035962
55719052159472437330707379691285082000603740
83632163643913749096660
81106415148870697819564
7171761719496507454042574922949554158931286050
2124466371722948533454931066481202926198025470
96643709670147972099242
195049076503291972562541
41229000046219645330175
36329714269027844531470
118700164677429845466242
6367499778371957826225813321897206372467343652
48914459620725525662100
Error
60315488218281260765739
24288747897763477494089
6983000080092447400039
62447854890816615271288
Error
109210066051007533263334
116013439282266462053368
Error
119674129274887873015423
92637898695283927886760
325529341639626659792990782322188199223829260
96817511637408260144796
Error
53959916226263383230534
45042650843632015475564
Error
152788520758477201321660
Error
65728974319514796742042
2954393409241680891885546762750871554246096672
47083174203952166975264
133437152953751704634140
4017124265807637687956843047342375239093899700
56448794984808648421710
31858440142072680334088
152723168041166018155340
2357623104108359269257107061196161469797732663
2265068457769608971231530794807483477161703972
Error
1515858115725901327700241307999970753635699898
66091401065019536615302
Error
4484797328143120174012784378702742558698128704
2893949070461007173657460565939148657854527588
1434847468782201552700022528163557051643447485
5050976091158917849814073891305793258322002960
683161652232932993766155578874519202365310795
3822905811032515665590501620198443071859935920
125964530152778059174857
Error
Error
47548915476068750877553
57246988774044065440675
33951786520891613061788
90473522284017843999003
Error
Error
83994343143190684180620
4609070653510993544525365577785581406152032247
129420949140431419937515
161108429039797707087601
87739748423514032262326
136166953891102716457720
78161224159368598542065
125351455046635461804319
863994690760410557206607556677119932198107470
3593185405050905919419051430187558404264358692
67069230828278967297570
2306386145506711581550485357962313441852991179
55534935651073518401059
Error
28926208933433775404662
104405026856056490097780
Error
Error
29009481817725091990073471218127762040442628
3787440004559964455669054060077673904591833448
896585836271384875697655825735041524751420925
163655582398623020419542
2878224144370593944738849405237853657157483485
94131164186029652733005
1118897917290520807947956367789378325497593844
1945766517102602817025105968303134364659390372
3918870701864392600117690062312992338505204775
Error
2733729570462092520744353576402203803811524360
1247481568440894945663629502461063064232768808
Error
1000820124930634185826128820029083534063006001
2800095197931337017440564964956018162786829405
104552651262441385193690
7132837889815777073262
1690278411844691141279105755543462510812090480
52712722761071211976609
Error
Error
92237873302433027624031
166700669149198839957334
5204559228216055428392485807883110228779739040
95174278197348398515374
53695935091261694880858
104690000172103623305810
58835321413540092559684
123816013016065425930461753329078417165816223
5891824458472605538941848502172223272177299427
460666954478845389020611261957301836129589478
3475258920950737270429839318894424562556891115
2438341489952802038985534821570671588591547196
5862080240834516800148898249323788229385658050
56453605550611475884822368850986970042235688
362600979278201446362235777230995837939166816
88948482476800292549488
Error
18557045915070291247987
96438361800534724286123
9128199937120458295946
109001471309622475598331
Error
1247593432516924452277296844178360764390196728
82933563170413801055670
716188405027711602225709121385382095124354552
282364394435935534806459032482076155958561000
259391957253802550225907670165682617163732116
220073739161028648600240167024456177387607712
72673897076934481497448
7660286807752279911960637503326275547594298000
69525104546702531282574
106421544381374856195247
12686573008349728445344657436929764337487125
115648459320324564905272
159595490322590349068532
5330860216540786691448411696247819402657207869
5512990335959133496985574163739198501656899762
101603615896558654231307
Error
67172568436865708613944
2308835809697676249140327699048440997238447952
Error
2356396376682614960921048105218125510303282872
5491223222099063902819768177485695367549237336
155948499974069309189100
28012524251323279376743
Error
55187034126213648216760
1255431785259927498486332074033367686119636875
23935134865245508009748
99101335126534292618372
138417167067539171226769
1098012383152438728437499102155047661840477012
1191353789811773243545310474107126144027574203
84797869996934209016676
84595857912275824773177
140548657340318184042141
3864086340058350925845
143104937069521445811096
73286495851329919873830
4473117029961118570061400449556577455391334103
54890883333174249208318
5531502968910403564427526886289530778757351762
87933807180326760855081
101662135549446697486769
48865993617629740076375
32744165647446238754421
112115585608901992845359
156044288415817662701561
5196413018912100764696
116123700666491875301890
77342182041170503324568
116898182508328082546031
19806243963824700281666
108828179563514912317463
143626558537799211775663
10342698457836743013050
105359921195081420083777499475939279789305604
970717897196553804242251852894713362043906780
Error
2038838036373024593534539900913168641957764666
26569985959252534686147
4268891731752206127206552884398900666766764640
Error
958441206102983669492803580584617277165369654
78798636067132410981977
741856819422745922531024061233564087525484032
61159686629738699194108
817852940909466967566194456844945842895998395
103157682848936770005191
126599549428172032962596
1806047974564190499930614439860210591483626258
80963623945792652219191
2576667168408853533925453157901213297705249000
Error
Error
Error
Error
116210256747526000588357
Error
5234282490824605771865
7773624926760147294189183482199807549259836265
177497547568419801158
136683035231694376405577
57627906844288087019420
6056820238708213527408803402617419990236157555
39910495425153839947089
4097327769861929495508208449952151691449985651
24009112041144606581741
Error
96820854116351979292096
Error
112674359903257065455234
54989130039941202311179
53494744964571280570485
23191560882440940978856
4631955468496975079374193978527126134304182751
628423960890512219724137766905445081664983655
327194873125799245937522684242626944879793408
1005232999258975845962779606457139108731923520
Error
3640606010998952264893860848682250633138186394
132007323848020149288520
28517090406203879949371
95843687478521869561205
3092004362423232689766755318006667538005540602
72888265119083719254890
176005523457454026381194
68646391127264176496938
10861815858185735752710
50136127483639478616734
771171317623961535361485161229396848189962240
398136673098910541360824845612213180347093025
Error
21223453581678498801676
3172398038245095246244
460552590201876596769577823444424148880544312
Error
2226620486098186157839831973659137649037889000
3421011185370269582072827915734754854520027629
206498314991302714485494257058821749048029952
Error
340438833992192993364363459604990401301320060
115262142926678972682530
56983693327962788996179
2545527010968351621371355226221477844363147488
7678397363196729567612001902478324048653785986
Error
6539714457411896890703231087108396463829738923
Error
51297740032608713515873
134156964281754283033753
153895374366593953346107
3561597147748483963893301114412396174819107672
85180409310096651164382
Error
3810317990026128029306304077012776291492335790
90192081938021330372788
167774686004507919762965546241087509634839080
6397100806321202545186323862504813618430167305
119141698101233482500091
2325286312117804697705391551651805885094712972
60806872045811526772770
8940914560506925806892
2451272895828510919597063735856066901846201663
4095641443157127669489257924862816697259736656
1581074624032668924523796282520150420572921727
4057159486936679719704280898508113929079168733
134810687200005982028676
34866539557778547434266845829586853566366775
2792667003007564880003822736317939930420356460
2525041288977244872797
174138440517503145056045839509645161020372372
8795519535580644513335
12704717567314447590144
2091805725104596642994468784082041669897287250
21120263626914519621599
51978656714280936147390
119343250960295236796319
49280716828285868740271
927765973415927282225940733412835880340426486
Error
20368725730086858050602
Error
Error
5199612203965700975471280761427555844929773580
65392313778819013692663
8159942875763084412694636706622683845035186232
6043867998031699048096422114340821841340007504
1228305020608682611166441576563556460912196890
848510717684683694118712364980383619093865508
76258947109153286766025
68248990413838013040440
125124148581541841862776
Error
72717579944775208759561
95232416478016894523367
1925418349916064171837914057382439598658759735
309117742450268311694100809523598561027053099
3790164446811145203232676698894539031123147915
20156963459676819257975
123603643149681064088668
174734186710571949251037
156321000458105623832042
108486709347637000916119
20262627604542390074053
5900189560582612002759
Error
141388560095900360781564
3941248005982433783604277729598575167447106144
113153303325163656935967
2684471702635864899855169230533379922037742963
74487113805633502398201
1464331653893827278723290647483458053112790170
6739610969489959454584797485295667216688368832
94883708485479648429102
43374011184226235328532
92130978317306323635055
5956525269432936398773021961456560981679491280
Error
5119975429731801839659523156684034963012963106
73365933644585704751519
308623727611811712009250428719768867811039120
1539920789324034442137839958347369079065620341
30923706540586842704125
21514886045220987590558
75347912757452114166192
Error
59971401977770453561495
153299561986274184789902
2884528491980536066798297887184345280092534658
140077828823012491136320
5173183723387241781436251401141013152366878200
Error
Error
169504142767074820646679
599308325802801983586953432559575896288621762
63332666390455298789489
33449556676183513119004
550911868485512360016603764608417542446057070
6479143623056598720672228484609246442519600646
1789493758421884939009223706225815734641918090
89388203388355073063193
53456273620204237278930
Error
Error
67811283246329362490264
263779297136725976483219104239174038819480862
Error
106446125725012077410624
Error
150766810462339011800357
118027416795617872145200840473553940124973830
274109448920571864913374488686203747799034636
6205706354821315366031
4786180015489271686567991802372920716529493288
53346495083892906469001
478987465684969612278
38042382540263981071472
Error
1528008311457768941978889700926247679282965296
92390691509967965203671
52001419303254934579441
Error
73886306394796147188519
Error
2631061904618305839580838665098899461947679034
Error
1216105710713549734137084402046914395246822400
53719641688706777880153
Error
74568378584487292186584
105367382941230873741376
5889162040540455807381772889197920836503911612
Error
57688564233371437309693
1758416373111915328813818241847461990865203462
311524533229638823157714976763391649920830980
Error
14554241641443337149026
8548366254848033693470296081668283192763301827
823149821469200303140490622499395869208935626
773566310038662501556767948183021498247084865
30084492401417950392390
3750829055582517903030510994021287766986853068
1019909517082912784034569023465571595362434653
84996067917908247123661
5622344311765784008845
105869123193768537736767
97355926640652658793356
2739337453249380388633478838935434963496454690
49218415081420885615502
518806141144526649627290261852388411303334928
175450844847055314531289
53434018989917562612554
15998349390393354578426
83746561970851620249266
Error
1441180380921623126454827496721352966362299718
1713226602119304865270655913803027499314797980
Error
2645960009097371764631993228601523329960674994
Error
118957050790120779837895
Error
Error
7202808195283411126619741830536795404475499140
50282049581644828053251
67257928140126410610870
118485736309098832092345
60028511422747572843365
50218060249482512294697
16004551904739006899404
Error
16259319868014978477183
106773496361197649216888
48908045156808284087031
32122657844453286209189
Error
32731362087138242872078
Error
7198233893897485828570608549395745883540530039
Error
657801709533682232924958351488222092354109851
799710550934125187559272767887956834278744764
47787084356040994440904
Error
3057297758633239676720740715715269715991783260
3088057167505810853763880227369040918830905264
38946236456134585722112
1906332770457791975073706476777633574639981266
Error
Error
18445264564780934167593
209855229223627394319354835617027221415198438
152726680201556261125430
5243764602139563526703260567847075118562539080
114588835173558296292147
242942489949893185591547959892927856360833580
1640720338163124509904281222317286018305630606
Error
22676460872294247027943
122826123203694997272716
61986225008789363467633
Error
908822044962492275581861223101951907964951700
2349334441388836060875485778182585436616955324
859348004571599725616153067435772376686450576
156818072646408868355804
5819727461468380613303646726978146407706935744
76058571484687857905361
62568541552244891072351
9336430428236497236826
121064046682504139971633
Error
7618123765338181007010
130693989439118560319606
60914525520359522199179
290295681367984580041810992046820982294906753
163851964407346858755791
140712653113200052700245
2731126315126365765807276960495766211314505652
41498095281533256265757
5522461153439567666966999521532912019403152120
Error
76976949526056216538401
Error
6776366883722821825757547154081100702379297525
127451799249266494751387
Error
96799757423450788683941072824810660824031158
Error
93728706862675934912622
29885758485159488064971
54759168703464639687025
7723003937476084128560860199687855154906054405
123614702758532473079456
1819483898677171945789539295505094612338505681
853289635527819076492504986398846898632602320
93966235975029977897947
10231488164615800127218
Error
Error
Error
143581594152916560329253767551177102415660464
Error
114378141304801580971953
Error
25189013365438613476854
20616483993429331351823
27719877826748413830420
91912948993462020906102
663458950313823216742705871035903965885624576
73079541788131934496578
3174032916699597204336002039415403124306500716
46610893864375274067502
3735080067688127874104882120024830715523136976
4175486477585481090193
Error
84928293244529619479583
849113508779349381730298405833438054429420236
161440164862318676175025
112779213421796607057977748938784324975690260
4037963642992402270826182729527141892976742324
22868300458328847068550
1148760058015767655301242257100839582684090127
24630675668543452398038
6012644798807705009312744178797032716713663094
5033490764232929964820097585945315124486019240
6431436310451668633086265571965759073026799502
90561269342648233065072
909692351813493736579163832190611134051311275
82007658200497248173233
2790495393805495703436178431807262841235387084
159646352808738227493641
Error
89832988571762220440382
136145675722945630866815
122400540488560942838217
11017897108518458513589
41518702734780500278959
70502035517698729034762
98337427239844865301783
22935916704877037701608
1377231539911172525674680606856046395627411275
34415961848236687586358
Error
2113215168583937805105985265207146710672566880
103305027749321117373063
508563314462047262349555439569997596951020192
7275502628842078315684964864924648485951489808
59102986489307734868105
11340639876781554143461
187724372550540125829412
25716800811404151940549
97833544233977113235966
4260845762652001137617469147841893026798132317
831905856741150641583152604700011020817625603
20293928332069828956036
142546826400956447502963
63813559000200368330655
57373290729770051884688
1388867511898054837725828880494425824963389113
80438232080534008760380
4704764327960623344088973303928306798551044385
Error
Error
132571360866561174681619
592312258435977677345615311733537649408007274
1123624250013600889080505304804221500800343510
4616285412475438802702197370324616221531752436
209684041774157118213918406536743003051367960
Error
61724656144374068406352
98265696743451601312006
3207567244754166813085607465657849170599068220
1123515600909793312682463477607645698043039150
6451435665582016394980
217917252421858591631040900060320766956727382
85041172269619983818793
Error
1232195554937479713074276162496105715990022622
5259211675507936079309530270918634425088193756
2182112825968289557456541989665571367543369973
Error
88198581730631943587656
87757420357980383360636
95292182289498698026767
68827682514579096547282
44768233476038709625562
70282879964101260509326
758975454345881598152302093671182775798348601
32003682118496620706368
107480069010551611429648
156967096328229736638001
181738692955857503818986
1150527047446248081446108504831718961465419631
100718332847245928773362
70277819123487322277281
1494612458664242406498198547981038519311721310
34542175626328321547848
116097053610001541097214
27426391700417594271501
42163167104562944570637
920640484403399297702739880065010943708150722
58750407676952729377805
Error
136600982394708235433336
2880482725841904530645567036991527512418551922
286052946173881742064
1839082099076490878661663689414828680172395940
511305783553608747256011353118107308876293840
