2, 61
4, 68
9, 19
14, 73
15, 73
16, 11
23, 6
25, 80
29, 8
30, 40
31, 99
37, 47
38, 16
39, 54
40, 60
41, 14
41, 71
42, 69
43, 20
43, 24
48, 57
50, 24
50, 45
50, 81
55, 86
58, 84
59, 38
60, 72
61, 14
62, 53
64, 33
65, 19
68, 30
70, 68
71, 30
76, 37
79, 39
79, 85
81, 13
81, 16
81, 37
81, 94
84, 33
85, 5
85, 11
85, 71
89, 3
89, 85
89, 98
91, 26
91, 35
92, 13
93, 76
96, 99
97, 83
98, 31
98, 70
99, 36
101, 59
102, 62
103, 21
103, 78
104, 43
107, 58
109, 53
110, 32
112, 15
115, 69
116, 17
117, 8
119, 53
121, 10
121, 84
123, 78
124, 17
124, 26
124, 92
125, 34
126, 37
127, 11
128, 89
130, 28
131, 48
132, 38
132, 42
132, 47
132, 51
134, 46
134, 54
138, 1
138, 31
138, 80
138, 99
140, 2
147, 27
148, 79
149, 73
151, 82
157, 57
159, 28
160, 69
161, 89
162, 56
165, 16
165, 23
165, 41
167, 65
168, 14
168, 17
169, 17
169, 68
169, 100
171, 31
172, 83
173, 23
174, 60
175, 8
176, 77
178, 47
182, 12
182, 34
189, 90
190, 18
195, 26
198, 35
198, 41
204, 38
204, 90
210, 52
213, 91
215, 71
216, 94
217, 75
221, 25
221, 91
222, 98
228, 31
229, 91
234, 64
235, 34
236, 84
236, 90
238, 49
239, 72
244, 78
245, 27
246, 17
246, 30
246, 95
249, 7
249, 70
251, 27
252, 98
259, 1
261, 25
266, 66
266, 88
270, 42
270, 61
272, 48
276, 12
278, 65
281, 8
286, 1
286, 11
286, 48
287, 2
291, 43
293, 5
293, 63
295, 49
297, 36
301, 41
308, 90
308, 98
309, 30
312, 51
317, 31
317, 85
318, 90
319, 16
319, 68
322, 47
322, 89
324, 47
327, 82
329, 42
329, 77
333, 28
334, 15
335, 92
340, 87
342, 23
344, 63
345, 5
345, 24
349, 17
355, 76
359, 67
359, 77
361, 57
361, 77
361, 82
363, 41
365, 84
366, 84
367, 68
368, 33
369, 69
370, 15
370, 39
372, 38
374, 81
376, 97
381, 42
383, 42
383, 100
384, 29
384, 52
385, 94
387, 36
389, 12
391, 94
393, 63
400, 47
401, 47
406, 37
407, 80
408, 70
412, 11
412, 64
415, 4
415, 50
415, 79
416, 48
417, 78
418, 1
419, 37
423, 89
426, 29
427, 65
429, 12
429, 85
431, 50
433, 42
434, 44
436, 95
438, 64
443, 59
445, 14
447, 36
450, 75
451, 26
451, 96
454, 78
455, 60
456, 32
456, 88
459, 21
461, 92
471, 6
478, 31
478, 61
479, 8
481, 61
484, 49
485, 87
486, 14
488, 55
488, 60
492, 34
494, 40
494, 96
497, 35
499, 68
502, 52
507, 23
507, 46
508, 52
511, 39
513, 38
513, 44
518, 11
518, 66
522, 94
524, 74
526, 5
526, 53
529, 2
529, 23
531, 55
531, 89
534, 82
537, 97
539, 84
543, 68
545, 56
546, 60
548, 6
553, 31
553, 37
554, 88
556, 17
556, 22
557, 5
558, 91
561, 10
563, 50
565, 50
565, 72
571, 97
572, 16
573, 57
575, 4
575, 15
576, 3
577, 65
582, 12
585, 42
588, 47
594, 75
595, 76
596, 96
597, 69
604, 37
608, 37
609, 26
609, 31
611, 35
611, 66
612, 4
613, 12
615, 29
616, 93
618, 2
618, 63
618, 95
622, 68
623, 43
625, 15
626, 51
628, 40
628, 91
632, 67
633, 47
637, 69
637, 78
642, 100
653, 2
653, 73
656, 69
657, 97
658, 44
662, 35
666, 15
670, 4
675, 15
677, 18
677, 26
678, 16
678, 20
678, 86
679, 73
681, 8
682, 83
683, 18
684, 67
685, 45
685, 57
690, 7
690, 40
691, 30
691, 86
692, 13
695, 48
698, 21
702, 52
703, 57
706, 13
713, 69
724, 79
725, 32
727, 8
727, 27
728, 70
729, 26
732, 74
741, 5
746, 12
748, 7
751, 47
753, 45
754, 70
755, 79
757, 87
760, 84
761, 11
761, 95
762, 35
762, 57
765, 30
765, 38
769, 23
770, 23
773, 36
775, 67
784, 70
785, 26
785, 47
785, 98
789, 8
789, 64
789, 76
790, 68
792, 18
795, 42
801, 51
803, 62
803, 88
805, 14
805, 80
806, 82
807, 9
807, 37
812, 45
813, 78
815, 18
818, 61
818, 75
822, 74
825, 1
839, 68
840, 55
843, 38
848, 64
851, 27
857, 38
857, 99
859, 6
862, 33
862, 41
862, 82
864, 65
865, 17
868, 54
869, 71
871, 15
871, 27
872, 15
876, 72
878, 4
878, 33
878, 48
882, 19
882, 89
883, 11
884, 4
884, 9
885, 97
888, 75
891, 8
891, 58
894, 16
900, 23
901, 9
902, 76
902, 91
905, 65
907, 70
914, 55
914, 65
914, 69
924, 35
926, 77
930, 37
930, 89
931, 17
933, 87
938, 35
942, 50
943, 79
947, 72
949, 33
950, 56
950, 65
955, 1
956, 32
959, 10
965, 85
967, 93
972, 21
975, 9
975, 79
980, 78
981, 81
984, 84
985, 64
986, 31
986, 47
991, 58
993, 46
993, 88
994, 17
996, 16
1005, 52
1005, 93
1006, 20
1006, 75
1011, 6
1014, 69
1014, 81
1016, 54
1016, 57
1020, 22
1024, 57
1026, 86
1030, 36
1030, 89
1032, 23
1032, 34
1034, 31
1035, 28
1036, 62
1040, 94
1043, 99
1047, 95
1050, 28
1051, 62
1052, 90
1058, 61
1058, 98
1062, 79
1064, 78
1065, 49
1065, 73
1067, 46
1071, 13
1071, 20
1072, 91
1074, 61
1076, 80
1077, 78
1077, 99
1078, 35
1078, 49
1078, 64
1085, 40
1085, 61
1087, 70
1089, 78
1093, 34
1099, 55
1100, 50
1101, 50
1101, 61
1105, 60
1107, 64
1110, 40
1112, 98
1126, 6
1126, 53
1127, 44
1128, 68
1129, 30
1130, 44
1130, 78
1130, 81
1132, 1
1132, 89
1133, 47
1137, 17
1138, 90
1140, 54
1141, 44
1142, 39
1144, 59
1150, 32
1153, 33
1154, 100
1157, 84
1159, 62
1161, 73
1163, 7
1163, 71
1166, 38
1167, 14
1168, 55
1170, 76
1176, 66
1179, 86
1181, 1
1181, 48
1182, 21
1183, 83
1185, 31
1189, 74
1192, 74
1195, 26
1196, 6
1197, 54
1200, 64
1202, 40
1204, 68
1207, 64
1208, 89
1209, 10
1211, 27
1214, 29
1218, 46
1219, 14
1220, 15
1222, 88
1224, 46
1227, 38
1230, 58
1231, 25
1234, 42
1235, 80
1236, 61
1236, 90
1237, 70
1242, 19
1243, 52
1243, 86
1244, 44
1245, 50
1246, 59
1248, 48
1249, 99
1251, 70
1252, 24
1257, 89
1258, 57
1259, 18
1263, 22
1265, 39
1266, 59
1268, 59
1268, 68
1273, 41
1274, 14
1275, 7
1276, 73
1281, 60
1282, 11
1284, 85
1287, 58
1288, 3
1288, 12
1289, 21
1292, 39
1293, 74
1302, 45
1303, 33
1309, 77
1311, 87
1312, 90
1313, 61
1313, 94
1316, 92
1318, 90
1319, 56
1320, 97
1321, 70
1325, 30
1328, 66
1329, 31
1331, 95
1333, 18
1336, 26
1340, 2
1343, 81
1345, 42
1346, 86
1346, 95
1347, 25
1348, 90
1351, 54
1352, 42
1354, 87
1357, 42
1363, 33
1363, 99
1365, 25
1371, 44
1372, 91
1373, 38
1377, 36
1380, 43
1384, 64
1385, 69
1385, 75
1386, 11
1386, 37
1386, 88
1389, 12
1390, 76
1391, 11
1396, 33
1397, 90
1399, 66
1404, 63
1404, 88
1407, 44
1410, 13
1410, 70
1410, 86
1411, 44
1415, 18
1417, 88
1418, 17
1419, 76
1422, 3
1422, 48
1424, 65
1431, 30
1431, 70
1435, 55
1439, 73
1440, 69
1441, 45
1444, 54
1444, 94
1446, 44
1446, 83
1448, 74
1454, 19
1455, 93
1459, 61
1461, 74
1462, 60
1463, 44
1466, 40
1467, 35
1468, 78
1470, 63
1472, 95
1474, 10
1476, 63
1478, 61
1479, 40
1479, 46
1480, 4
1480, 28
1482, 82
1483, 90
1492, 97
1494, 7
1495, 61
1497, 24
1498, 21
1499, 17
1499, 44
1499, 58
1504, 8
1505, 93
1509, 1
1511, 21
1512, 45
1512, 94
1515, 7
1519, 5
1520, 79
1524, 43
1526, 91
1527, 44
1527, 53
1528, 1
1529, 23
1529, 26
1530, 5
1531, 63
1533, 42
1536, 39
1537, 35
1539, 41
1539, 79
1541, 36
1541, 90
1542, 48
1543, 83
1544, 3
1552, 95
1556, 86
1560, 55
1560, 100
1562, 27
1565, 74
1566, 36
1568, 37
1572, 20
1574, 63
1575, 46
1577, 17
1580, 28
1581, 80
1582, 66
1587, 66
1588, 71
1591, 62
1591, 78
1597, 32
1597, 94
1599, 22
1600, 42
1603, 87
1606, 35
1608, 37
1610, 38
1615, 11
1615, 54
1616, 5
1619, 79
1620, 77
1622, 51
1623, 14
1623, 42
1625, 84
1626, 98
1628, 66
1634, 1
1634, 44
1635, 20
1641, 55
1642, 9
1642, 99
1643, 16
1643, 44
1644, 95
1644, 98
1647, 84
1647, 90
1648, 40
1652, 39
1653, 11
1653, 20
1653, 71
1654, 14
1654, 70
1656, 10
1659, 42
1662, 23
1666, 89
1667, 22
1668, 88
1672, 48
1673, 17
1674, 58
1677, 73
1677, 90
1680, 88
1682, 75
1689, 32
1690, 17
1690, 96
1692, 16
1692, 92
1694, 77
1697, 68
1701, 3
1703, 81
1703, 98
1704, 57
1704, 70
1706, 41
1709, 57
1710, 14
1710, 63
1711, 63
1711, 98
1716, 71
1717, 71
1719, 15
1720, 62
1723, 24
1727, 11
1727, 71
1729, 91
1732, 72
1732, 77
1733, 39
1738, 23
1741, 76
1743, 79
1745, 3
1748, 49
1750, 48
1756, 44
1758, 7
1760, 73
1762, 36
1763, 33
1765, 9
1766, 77
1768, 44
1769, 90
1773, 39
1774, 92
1776, 97
1778, 1
1779, 75
1783, 34
1785, 10
1785, 75
1787, 80
1790, 18
1792, 82
1793, 41
1795, 39
1800, 33
1800, 92
1801, 73
1802, 77
1803, 51
1805, 43
1810, 20
1811, 55
1812, 20
1812, 35
1812, 58
1814, 5
1815, 60
1822, 9
1825, 36
1826, 54
1827, 43
1828, 21
1829, 33
1832, 50
1836, 23
1836, 96
1837, 1
1837, 65
1839, 82
1842, 51
1844, 76
1849, 30
1851, 56
1854, 12
1854, 100
1855, 63
1856, 92
1858, 60
1858, 71
1859, 60
1862, 61
1865, 52
1868, 68
1868, 96
1870, 22
1873, 48
1873, 81
1874, 45
1876, 41
1877, 67
1879, 10
1879, 82
1880, 20
1885, 9
1888, 58
1889, 33
1890, 47
1895, 55
1897, 51
1898, 1
1900, 58
1901, 91
1901, 100
1902, 38
1903, 13
1903, 46
1905, 48
1907, 4
1908, 36
1909, 27
1909, 67
1912, 61
1912, 88
1913, 86
1914, 20
1915, 10
1915, 74
1919, 78
1919, 83
1921, 75
1923, 26
1925, 24
1929, 61
1933, 55
1933, 78
1935, 8
1935, 50
1936, 30
1941, 99
1946, 36
1946, 64
1947, 49
1950, 77
1952, 9
1953, 72
1954, 64
1958, 20
1958, 40
1959, 82
1961, 80
1967, 8
1967, 94
1972, 62
1975, 94
1982, 7
1984, 88
1988, 11
1992, 47
1992, 67
1995, 37
1995, 64
1996, 87
1999, 35
2000, 12
2002, 64
2005, 33
2005, 41
2006, 4
2008, 23
2013, 12
2015, 32
2016, 66
2016, 97
2017, 94
2019, 49
2021, 60
2022, 37
2022, 67
2025, 31
2025, 50
2030, 22
2031, 3
2031, 36
2031, 50
2032, 23
2032, 37
2035, 83
2036, 42
2036, 60
2040, 21
2041, 93
2045, 85
2048, 21
2051, 20
2053, 13
2061, 41
2062, 45
2063, 68
2065, 5
2065, 32
2065, 92
2066, 70
2067, 4
2074, 5
2074, 47
2080, 45
2088, 27
2089, 67
2089, 90
2090, 79
2098, 48
2100, 45
2106, 1
2107, 39
2107, 92
2107, 97
2111, 83
2121, 61
2122, 9
2122, 70
2124, 52
2124, 67
2125, 95
2128, 1
2130, 55
2137, 50
2138, 68
2140, 41
2141, 28
2144, 47
2145, 100
2147, 47
2148, 23
2153, 55
2157, 53
2157, 80
2158, 46
2161, 87
2163, 41
2166, 41
2168, 5
2170, 86
2173, 7
2173, 12
2174, 78
2175, 17
2177, 61
2180, 87
2181, 86
2183, 34
2185, 3
2187, 24
2189, 97
2191, 25
2193, 42
2195, 71
2196, 81
2197, 32
2197, 75
2200, 88
2201, 97
2204, 34
2206, 61
2207, 20
2208, 26
2209, 11
2214, 37
2217, 71
2225, 25
2226, 12
2227, 10
2229, 25
2233, 21
2237, 38
2247, 66
2248, 49
2249, 51
2249, 81
2250, 6
2251, 30
2252, 6
2253, 3
2261, 38
2269, 41
2274, 12
2277, 44
2278, 91
2279, 71
2280, 32
2285, 70
2285, 100
2287, 16
2287, 64
2289, 86
2290, 30
2292, 19
2292, 42
2293, 83
2294, 86
2295, 93
2296, 31
2297, 78
2301, 7
2303, 41
2304, 89
2312, 8
2315, 52
2318, 90
2322, 46
2325, 11
2325, 14
2327, 55
2329, 65
2332, 56
2333, 54
2335, 56
2335, 74
2338, 40
2344, 9
2344, 87
2345, 68
2346, 68
2347, 74
2351, 26
2353, 9
2353, 64
2353, 87
2354, 28
2354, 58
2359, 23
2362, 9
2362, 59
2368, 33
2369, 36
2373, 29
2373, 36
2374, 100
2375, 12
2376, 73
2377, 23
2377, 78
2378, 44
2379, 73
2381, 39
2382, 61
2384, 12
2384, 30
2385, 31
2386, 22
2387, 77
2388, 86
2390, 93
2392, 19
2392, 32
2398, 63
2398, 76
2400, 6
2401, 80
2403, 18
2403, 54
2406, 23
2407, 55
2410, 91
2411, 45
2412, 36
2420, 59
2420, 75
2421, 23
2423, 24
2423, 31
2425, 63
2427, 99
2428, 30
2431, 18
2434, 84
2438, 65
2440, 95
2441, 16
2442, 2
2442, 70
2445, 53
2448, 1
2448, 53
2451, 77
2454, 90
2460, 6
2460, 15
2462, 72
2463, 34
2464, 12
2467, 73
2468, 84
2470, 64
2473, 63
2476, 30
2477, 28
2484, 29
2487, 21
2487, 94
2490, 81
2491, 37
2492, 79
2493, 34
2497, 27
2503, 7
2504, 87
2506, 79
2507, 3
2508, 63
2508, 93
2509, 9
2509, 16
2512, 87
2518, 3
2518, 39
2526, 38
2528, 44
2530, 11
2530, 24
2530, 92
2533, 42
2533, 94
2534, 35
2534, 53
2535, 80
2536, 28
2537, 40
2537, 70
2538, 99
2539, 100
2542, 27
2543, 82
2547, 73
2557, 92
2562, 15
2562, 90
2569, 18
2570, 62
2570, 89
2574, 5
2574, 28
2577, 75
2578, 93
2580, 86
2581, 78
2591, 68
2594, 10
2595, 48
2597, 26
2601, 12
2602, 85
2604, 35
2607, 85
2608, 20
2608, 56
2609, 79
2610, 96
2614, 14
2615, 83
2616, 19
2617, 75
2619, 53
2620, 83
2620, 93
2621, 56
2628, 40
2628, 51
2629, 26
2629, 30
2629, 62
2632, 41
2633, 12
2635, 67
2637, 88
2638, 48
2639, 52
2639, 61
2641, 2
2641, 28
2642, 87
2643, 34
2645, 2
2647, 10
2648, 6
2649, 79
2658, 23
2659, 53
2660, 92
2661, 90
2664, 49
2665, 92
2666, 91
2668, 33
2668, 36
2669, 85
2670, 77
2671, 24
2671, 30
2673, 8
2674, 40
2675, 63
2688, 67
2689, 48
2693, 13
2695, 53
2699, 52
2699, 73
2709, 48
2711, 98
2716, 41
2716, 44
2721, 13
2722, 45
2722, 90
2727, 39
2729, 96
2732, 15
2733, 58
2737, 78
2739, 9
2739, 38
2746, 60
2751, 64
2760, 62
2763, 39
2768, 39
2770, 75
2771, 39
2772, 41
2772, 72
2773, 69
2776, 90
2779, 34
2781, 17
2782, 6
2787, 88
2794, 68
2795, 8
2796, 47
2797, 31
2800, 77
2813, 47
2814, 8
2814, 99
2815, 29
2820, 62
2821, 84
2822, 92
2823, 81
2825, 4
2826, 6
2826, 39
2831, 23
2832, 30
2832, 54
2834, 31
2834, 73
2837, 42
2837, 96
2838, 30
2839, 16
2843, 46
2844, 81
2846, 37
2847, 4
2849, 3
2853, 49
2854, 21
2856, 87
2857, 14
2859, 72
2859, 81
2861, 53
2863, 28
2863, 39
2864, 65
2865, 88
2866, 76
2867, 11
2869, 61
2871, 18
2873, 48
2874, 100
2877, 5
2881, 23
2882, 1
2885, 42
2885, 54
2887, 91
2888, 22
2889, 17
2890, 19
2891, 59
2893, 24
2906, 21
2909, 11
2914, 37
2918, 39
2918, 72
2919, 6
2923, 41
2926, 100
2928, 20
2928, 40
2932, 96
2933, 21
2933, 89
2934, 76
2937, 86
2941, 16
2941, 33
2942, 30
2943, 15
2944, 59
2945, 22
2947, 19
2948, 17
2950, 58
2956, 85
2959, 60
2959, 65
2959, 91
2962, 64
2967, 32
2969, 47
2969, 65
2971, 13
2976, 72
2982, 90
2982, 97
2985, 63
2986, 42
2987, 30
2987, 93
2992, 18
2993, 93
2994, 46
2997, 66
2998, 52
3001, 32
3001, 66
3002, 86
3003, 48
3003, 68
3004, 20
3004, 77
3006, 63
3009, 31
3010, 14
3012, 85
3016, 29
3016, 76
3018, 22
3023, 70
3031, 56
3032, 82
3033, 56
3033, 78
3036, 53
3037, 66
3040, 50
3042, 61
3044, 26
3044, 87
3057, 32
3059, 44
3060, 10
3063, 40
3063, 86
3067, 8
3067, 25
3068, 22
3074, 44
3075, 30
3075, 54
3077, 43
3078, 35
3078, 50
3079, 4
3079, 27
3084, 96
3085, 55
3086, 52
3092, 93
3093, 88
3097, 2
3097, 39
3101, 81
3107, 1
3108, 7
3109, 58
3110, 87
3111, 21
3112, 45
3112, 53
3112, 70
3116, 97
3120, 64
3120, 68
3121, 98
3131, 30
3131, 43
3131, 78
3133, 93
3135, 79
3138, 49
3139, 42
3139, 67
3139, 71
3140, 85
3144, 81
3145, 1
3145, 54
3146, 67
3148, 85
3157, 31
3158, 18
3158, 22
3160, 90
3175, 94
3176, 90
3178, 11
3180, 37
3181, 60
3184, 59
3190, 87
3191, 39
3192, 19
3195, 28
3201, 22
3201, 27
3202, 10
3203, 2
3203, 72
3207, 99
3208, 30
3208, 60
3208, 79
3212, 40
3214, 92
3215, 27
3216, 29
3217, 60
3218, 18
3222, 62
3224, 52
3225, 54
3226, 16
3227, 52
3229, 12
3230, 24
3230, 51
3230, 72
3237, 9
3237, 53
3238, 72
3246, 44
3249, 31
3251, 30
3251, 54
3253, 94
3254, 5
3258, 14
3260, 21
3264, 40
3269, 70
3269, 87
3272, 96
3276, 21
3278, 58
3282, 58
3283, 4
3283, 18
3286, 54
3287, 68
3288, 24
3288, 86
3291, 69
3292, 76
3295, 28
3295, 90
3297, 37
3298, 99
3299, 69
3303, 98
3305, 57
3306, 92
3307, 55
3307, 97
3308, 5
3310, 28
3311, 76
3313, 15
3315, 26
3322, 88
3323, 8
3324, 91
3325, 7
3325, 16
3326, 83
3329, 30
3331, 67
3334, 58
3337, 4
3337, 52
3339, 16
3339, 89
3341, 58
3342, 62
3344, 65
3345, 47
3345, 82
3348, 79
3350, 90
3351, 94
3352, 14
3354, 41
3354, 91
3357, 60
3362, 1
3365, 65
3371, 67
3377, 6
3380, 83
3383, 77
3390, 5
3392, 78
3394, 97
3398, 3
3398, 39
3399, 32
3400, 21
3402, 13
3402, 83
3405, 67
3411, 91
3412, 14
3415, 97
3417, 46
3418, 29
3420, 61
3422, 3
3422, 65
3423, 42
3424, 8
3424, 70
3427, 42
3428, 83
3430, 51
3438, 19
3438, 23
3442, 50
3444, 22
3446, 2
3446, 90
3448, 96
3449, 6
3451, 24
3451, 41
3453, 51
3455, 87
3457, 19
3459, 80
3460, 18
3461, 40
3466, 25
3471, 59
3472, 27
3472, 96
3473, 14
3474, 52
3477, 44
3482, 96
3485, 51
3489, 53
3489, 88
3500, 69
3501, 68
3503, 14
3503, 21
3503, 26
3503, 36
3503, 67
3504, 56
3506, 49
3511, 90
3512, 86
3513, 11
3514, 9
3517, 69
3528, 33
3531, 77
3537, 63
3538, 72
3540, 79
3545, 19
3549, 50
3552, 2
3556, 10
3561, 21
3564, 25
3565, 98
3566, 4
3568, 82
3569, 46
3571, 67
3572, 16
3573, 86
3576, 47
3577, 15
3578, 23
3584, 23
3585, 77
3590, 40
3591, 19
3592, 40
3595, 56
3598, 71
3601, 94
3604, 65
3606, 90
3607, 56
3608, 38
3608, 75
3609, 37
3609, 45
3609, 91
3610, 88
3611, 57
3614, 40
3618, 48
3618, 82
3619, 84
3621, 54
3621, 65
3621, 94
3628, 20
3628, 40
3628, 84
3628, 94
3629, 61
3631, 20
3635, 15
3635, 24
3636, 20
3636, 94
3638, 44
3640, 53
3643, 68
3644, 30
3644, 61
3646, 52
3647, 43
3649, 65
3653, 26
3657, 27
3661, 48
3664, 40
3664, 50
3665, 22
3666, 28
3671, 23
3674, 53
3675, 94
3677, 57
3677, 92
3678, 3
3681, 28
3684, 23
3685, 95
3686, 44
3686, 67
3690, 45
3691, 64
3691, 83
3697, 21
3698, 91
3701, 73
3704, 32
3706, 16
3709, 76
3710, 39
3714, 53
3720, 17
3721, 19
3725, 16
3728, 12
3729, 9
3730, 89
3734, 42
3735, 9
3737, 54
3740, 6
3740, 42
3740, 69
3741, 87
3744, 21
3746, 99
3747, 83
3748, 83
3749, 46
3751, 25
3752, 29
3752, 100
3758, 35
3761, 64
3763, 42
3765, 18
3768, 66
3768, 76
3771, 53
3772, 29
3772, 86
3773, 35
3773, 100
3774, 40
3776, 12
3776, 17
3776, 91
3781, 43
3782, 72
3783, 27
3788, 67
3793, 41
3793, 85
3794, 30
3798, 5
3798, 42
3801, 3
3803, 15
3803, 70
3803, 98
3807, 71
3807, 94
3814, 8
3817, 68
3823, 43
3823, 95
3831, 54
3833, 76
3835, 9
3836, 58
3843, 26
3846, 62
3847, 15
3850, 70
3851, 87
3852, 87
3853, 37
3854, 75
3857, 93
3859, 98
3867, 11
3870, 37
3871, 39
3876, 24
3876, 96
3878, 14
3878, 81
3879, 48
3881, 40
3882, 44
3887, 19
3887, 89
3890, 33
3890, 61
3890, 82
3890, 90
3891, 45
3891, 64
3892, 71
3896, 97
3898, 27
3900, 22
3900, 91
3901, 73
3901, 97
3902, 22
3911, 14
3911, 55
3912, 59
3917, 31
3924, 87
3925, 7
3926, 29
3928, 9
3932, 11
3933, 40
3937, 1
3938, 22
3939, 22
3940, 29
3941, 29
3942, 52
3943, 54
3943, 63
3945, 92
3948, 51
3948, 88
3956, 85
3964, 66
3967, 53
3970, 10
3970, 43
3973, 69
3974, 58
3977, 75
3979, 39
3980, 23
3983, 62
3984, 86
3989, 19
3990, 96
3995, 7
3995, 51
3996, 19
3996, 68
3997, 42
3999, 28
4000, 50
4004, 86
4012, 92
4013, 67
4014, 78
4016, 84
4020, 17
4020, 50
4020, 84
4021, 89
4023, 25
4024, 52
4030, 9
4030, 58
4031, 6
4032, 2
4032, 11
4032, 58
4032, 62
4032, 79
4033, 28
4038, 20
4039, 59
4042, 100
4044, 63
4045, 16
4048, 88
4051, 49
4051, 53
4051, 90
4054, 39
4056, 35
4060, 75
4061, 39
4062, 45
4063, 56
4064, 63
4065, 89
4067, 29
4067, 83
4067, 99
4071, 5
4071, 34
4071, 59
4076, 78
4077, 80
4079, 53
4087, 21
4088, 24
4089, 44
4092, 45
4095, 29
4097, 24
4098, 86
4101, 67
4104, 78
4110, 3
4110, 88
4114, 16
4114, 71
4115, 41
4115, 47
4121, 84
4122, 94
4126, 3
4126, 33
4127, 67
4137, 56
4140, 66
4141, 5
4144, 83
4148, 75
4149, 52
4151, 81
4155, 76
4159, 52
4163, 30
4164, 26
4164, 75
4165, 78
4167, 37
4167, 44
4169, 27
4172, 31
4172, 95
4176, 72
4178, 27
4178, 67
4181, 46
4183, 47
4184, 1
4184, 66
4186, 50
4189, 77
4189, 100
4193, 20
4193, 84
4194, 66
4200, 60
4201, 91
4202, 23
4204, 16
4205, 22
4210, 59
4211, 75
4211, 95
4213, 67
4215, 35
4216, 33
4216, 37
4217, 18
4218, 99
4219, 27
4220, 11
4225, 63
4226, 92
4229, 16
4229, 52
4231, 28
4236, 80
4237, 20
4238, 57
4238, 82
4245, 52
4246, 42
4250, 23
4250, 55
4253, 52
4253, 67
4255, 3
4255, 12
4256, 76
4259, 40
4260, 15
4262, 89
4265, 88
4265, 97
4271, 28
4272, 10
4272, 93
4273, 99
4275, 67
4275, 89
4277, 82
4286, 58
4287, 43
4288, 69
4288, 88
4289, 26
4292, 93
4295, 78
4296, 57
4297, 12
4298, 67
4301, 55
4306, 81
4312, 53
4312, 92
4314, 73
4315, 93
4316, 58
4319, 88
4330, 98
4331, 4
4331, 49
4334, 21
4334, 66
4335, 71
4340, 36
4347, 56
4347, 96
4350, 2
4353, 94
4355, 46
4357, 72
4358, 82
4359, 33
4359, 44
4360, 15
4360, 20
4361, 20
4362, 85
4363, 66
4364, 18
4364, 23
4367, 26
4370, 88
4371, 83
4374, 43
4377, 27
4377, 31
4378, 40
4379, 57
4381, 93
4383, 75
4385, 16
4386, 24
4386, 77
4390, 7
4391, 62
4403, 11
4405, 32
4405, 81
4407, 21
4407, 24
4408, 11
4408, 79
4416, 52
4420, 26
4421, 97
4426, 20
4427, 72
4432, 96
4433, 79
4436, 78
4437, 69
4438, 62
4440, 25
4440, 77
4442, 13
4444, 50
4447, 38
4452, 11
4452, 74
4452, 86
4456, 88
4458, 35
4458, 90
4459, 13
4459, 34
4459, 70
4460, 57
4460, 70
4461, 18
4461, 37
4462, 10
4462, 51
4462, 92
4464, 87
4466, 39
4466, 61
4468, 55
4469, 67
4471, 5
4474, 52
4479, 98
4480, 38
4481, 41
4481, 85
4483, 28
4483, 64
4487, 47
4493, 47
4494, 49
4496, 26
4497, 41
4500, 76
4504, 9
4504, 32
4505, 76
4509, 16
4509, 46
4510, 90
4513, 14
4515, 90
4517, 95
4519, 67
4519, 98
4521, 28
4522, 17
4524, 90
4524, 97
4525, 3
4525, 97
4526, 94
4529, 98
4530, 82
4531, 15
4532, 63
4539, 14
4539, 39
4540, 50
4542, 23
4543, 81
4545, 6
4546, 14
4546, 92
4549, 64
4553, 50
4553, 97
4554, 34
4555, 61
4556, 82
4561, 55
4562, 57
4562, 65
4569, 18
4573, 41
4582, 72
4585, 39
4586, 90
4589, 50
4591, 88
4594, 91
4596, 60
4597, 78
4598, 32
4603, 39
4603, 85
4606, 33
4606, 89
4608, 26
4609, 12
4609, 89
4611, 23
4612, 76
4614, 83
4615, 67
4622, 8
4623, 45
4623, 61
4624, 45
4625, 54
4626, 22
4626, 52
4626, 92
4628, 33
4629, 77
4630, 5
4633, 40
4633, 93
4635, 49
4635, 57
4639, 54
4641, 64
4643, 73
4647, 48
4647, 73
4649, 37
4650, 24
4651, 34
4651, 45
4653, 15
4653, 31
4655, 85
4655, 93
4656, 56
4658, 21
4659, 18
4660, 43
4662, 97
4664, 94
4665, 20
4665, 28
4665, 67
4668, 42
4668, 71
4669, 30
4670, 8
4672, 96
4673, 13
4674, 2
4674, 100
4675, 77
4676, 60
4678, 67
4679, 89
4680, 35
4684, 62
4686, 97
4687, 8
4688, 97
4690, 89
4693, 13
4693, 46
4693, 88
4694, 64
4695, 40
4706, 78
4709, 35
4709, 48
4710, 31
4710, 63
4711, 98
4713, 82
4717, 93
4718, 2
4719, 38
4721, 77
4723, 31
4724, 21
4726, 30
4729, 34
4730, 37
4730, 53
4731, 86
4732, 5
4734, 50
4740, 57
4742, 7
4742, 54
4743, 6
4744, 44
4746, 11
4746, 97
4750, 63
4751, 41
4752, 74
4754, 74
4757, 41
4757, 92
4759, 31
4761, 90
4764, 71
4765, 21
4766, 15
4766, 92
4772, 37
4772, 42
4774, 23
4777, 80
4778, 30
4778, 33
4781, 58
4787, 85
4788, 2
4788, 43
4789, 63
4793, 81
4797, 57
4802, 33
4802, 84
4805, 1
4805, 75
4807, 86
4811, 12
4812, 46
4818, 15
4818, 66
4820, 2
4824, 73
4825, 11
4825, 76
4827, 63
4830, 36
4831, 36
4837, 9
4837, 48
4838, 38
4841, 7
4844, 68
4845, 72
4846, 29
4850, 9
4851, 50
4852, 39
4855, 1
4855, 86
4857, 29
4857, 55
4861, 90
4863, 31
4864, 8
4865, 15
4867, 27
4869, 14
4869, 31
4869, 52
4874, 4
4875, 64
4875, 87
4877, 56
4889, 51
4892, 5
4892, 8
4894, 6
4894, 43
4895, 89
4896, 48
4899, 25
4900, 48
4902, 72
4903, 13
4904, 60
4904, 80
4906, 69
4907, 67
4908, 60
4910, 93
4911, 23
4913, 5
4914, 62
4915, 62
4920, 49
4924, 53
4925, 24
4925, 33
4926, 76
4927, 74
4928, 80
4929, 63
4930, 53
4932, 27
4939, 36
4941, 23
4948, 97
4950, 24
4951, 16
4951, 75
4952, 49
4954, 91
4955, 14
4959, 6
4962, 31
4963, 62
4964, 32
4968, 53
4971, 56
4974, 49
4976, 23
4978, 80
4980, 82
4981, 24
4981, 57
4982, 92
4986, 30
4989, 88
4995, 48
4995, 94
4996, 87
4997, 10
5000, 18
5000, 84
5001, 53
5004, 13
5004, 58
5005, 56
5005, 60
5014, 50
5019, 46
5020, 70
5024, 35
5027, 45
5029, 32
5030, 10
5030, 35
5031, 46
5033, 20
5034, 45
5037, 78
5040, 19
5041, 74
5042, 84
5043, 71
5048, 29
5049, 89
5050, 22
5051, 24
5053, 98
5054, 56
5054, 72
5057, 5
5059, 14
5061, 83
5061, 97
5062, 82
5066, 56
5067, 50
5068, 57
5069, 77
5070, 97
5071, 15
5072, 79
5073, 33
5075, 88
5082, 95
5083, 62
5083, 99
5084, 30
5085, 49
5085, 76
5086, 92
5088, 30
5089, 17
5091, 66
5094, 34
5094, 81
5095, 91
5096, 34
5099, 87
5103, 31
5103, 62
5104, 84
5105, 74
5106, 62
5106, 71
5109, 57
5111, 6
5111, 99
5114, 70
5115, 100
5118, 6
5122, 100
5124, 85
5125, 60
5126, 59
5128, 35
5129, 36
5131, 35
5134, 23
5134, 68
5141, 79
5142, 89
5143, 63
5148, 7
5151, 52
5152, 55
5153, 60
5154, 81
5157, 76
5160, 14
5164, 15
5168, 12
5170, 34
5171, 62
5171, 94
5172, 29
5174, 58
5174, 66
5175, 61
5175, 75
5175, 78
5176, 31
5181, 39
5181, 75
5182, 66
5182, 69
5184, 1
5184, 65
5186, 85
5187, 67
5189, 90
5196, 59
5200, 19
5200, 22
5203, 94
5204, 2
5206, 48
5207, 42
5207, 92
5208, 71
5209, 86
5212, 32
5213, 22
5213, 40
5214, 41
5224, 44
5230, 4
5231, 35
5232, 2
5232, 72
5233, 33
5234, 12
5235, 3
5236, 81
5238, 71
5239, 75
5243, 4
5244, 45
5244, 68
5245, 83
5246, 64
5247, 55
5251, 63
5259, 62
5261, 91
5262, 24
5263, 31
5263, 41
5266, 82
5267, 70
5270, 9
5270, 77
5271, 45
5271, 55
5272, 14
5273, 27
5274, 14
5275, 31
5276, 57
5277, 48
5279, 99
5280, 89
5283, 71
5284, 96
5285, 25
5285, 75
5288, 51
5289, 13
5292, 20
5304, 52
5308, 15
5308, 18
5309, 27
5310, 42
5310, 54
5311, 86
5312, 40
5314, 88
5314, 99
5315, 87
5322, 64
5322, 98
5323, 29
5324, 9
5328, 75
5329, 73
5333, 36
5343, 96
5345, 57
5348, 2
5349, 81
5351, 67
5354, 99
5356, 58
5357, 49
5359, 93
5363, 89
5365, 71
5367, 58
5371, 11
5373, 1
5374, 38
5374, 42
5374, 100
5375, 36
5376, 77
5380, 4
5381, 30
5381, 35
5383, 98
5386, 14
5390, 85
5392, 93
5393, 10
5393, 36
5396, 10
5398, 93
5400, 72
5400, 99
5402, 73
5402, 85
5404, 35
5404, 98
5405, 44
5406, 24
5406, 80
5408, 21
5409, 36
5413, 82
5414, 11
5414, 88
5416, 19
5421, 38
5421, 88
5424, 41
5426, 94
5430, 57
5431, 38
5432, 78
5436, 6
5437, 26
5437, 82
5439, 34
5441, 18
5442, 35
5442, 96
5443, 3
5444, 53
5445, 8
5447, 81
5448, 19
5449, 63
5451, 70
5452, 91
5453, 45
5455, 76
5457, 83
5460, 59
5467, 47
5471, 84
5471, 91
5472, 13
5479, 87
5479, 97
5480, 54
5480, 87
5482, 55
5484, 97
5487, 85
5488, 73
5494, 43
5494, 52
5496, 20
5497, 83
5501, 35
5503, 41
5503, 58
5504, 4
5506, 66
5506, 80
5509, 97
5511, 1
5513, 41
5515, 96
5517, 6
5522, 61
5524, 2
5524, 46
5526, 27
5530, 50
5534, 43
5534, 46
5535, 64
5535, 67
5536, 29
5536, 100
5539, 53
5541, 64
5542, 39
5542, 55
5544, 8
5546, 22
5552, 65
5554, 72
5556, 59
5558, 5
5558, 25
5560, 98
5561, 80
5563, 23
5564, 87
5567, 4
5572, 15
5576, 48
5577, 52
5581, 58
5584, 1
5584, 71
5585, 4
5585, 19
5585, 63
5585, 82
5586, 53
5587, 95
5590, 19
5593, 93
5595, 60
5597, 28
5611, 6
5612, 37
5612, 47
5614, 44
5624, 31
5625, 22
5631, 22
5631, 51
5632, 33
5636, 26
5638, 38
5643, 10
5644, 55
5644, 73
5649, 75
5655, 23
5656, 22
5656, 36
5656, 56
5657, 11
5660, 37
5668, 15
5671, 34
5671, 90
5672, 27
5672, 62
5673, 21
5673, 67
5678, 20
5680, 13
5680, 66
5680, 86
5681, 21
5683, 31
5683, 40
5684, 92
5687, 56
5687, 77
5688, 45
5690, 57
5693, 3
5693, 60
5695, 82
5702, 30
5702, 85
5705, 79
5705, 87
5706, 74
5711, 22
5713, 94
5714, 36
5715, 12
5716, 5
5716, 94
5717, 6
5725, 95
5728, 7
5728, 79
5729, 11
5730, 47
5730, 61
5731, 67
5736, 18
5736, 60
5740, 15
5740, 80
5744, 51
5745, 75
5747, 18
5750, 31
5751, 72
5752, 28
5757, 17
5757, 99
5762, 4
5763, 37
5765, 26
5767, 30
5768, 82
5769, 51
5772, 46
5772, 74
5774, 27
5774, 59
5774, 90
5775, 12
5775, 50
5776, 20
5780, 94
5781, 31
5784, 27
5785, 79
5786, 10
5790, 29
5794, 59
5800, 52
5801, 14
5804, 93
5809, 68
5810, 55
5812, 36
5814, 93
5816, 91
5820, 97
5822, 18
5823, 95
5824, 94
5825, 13
5825, 33
5826, 90
5826, 94
5829, 70
5830, 18
5835, 13
5835, 53
5836, 40
5836, 67
5838, 5
5841, 95
5844, 88
5849, 96
5849, 100
5851, 37
5851, 48
5856, 23
5857, 71
5859, 48
5860, 11
5860, 37
5865, 37
5866, 28
5872, 32
5875, 91
5876, 14
5878, 30
5880, 17
5882, 86
5886, 83
5888, 60
5889, 63
5889, 94
5893, 34
5893, 92
5894, 61
5895, 89
5897, 58
5901, 2
5906, 17
5906, 64
5906, 77
5910, 52
5911, 4
5914, 4
5916, 8
5916, 21
5917, 26
5919, 39
5921, 95
5924, 38
5925, 16
5925, 72
5929, 32
5929, 70
5931, 54
5934, 81
5938, 22
5942, 1
5944, 82
5948, 40
5951, 21
5952, 53
5952, 88
5954, 49
5955, 77
5956, 39
5958, 61
5962, 6
5963, 27
5964, 90
5966, 3
5966, 99
5969, 85
5975, 44
5977, 98
5978, 13
5982, 22
5982, 26
5982, 90
5984, 47
5986, 1
5988, 62
5989, 32
5993, 84
5994, 35
5994, 45
5995, 53
5996, 6
5997, 96
5999, 78
6000, 63
6002, 15
6002, 88
6006, 93
6009, 52
6009, 80
6010, 5
6012, 2
6013, 72
6016, 49
6018, 12
6018, 46
6020, 1
6021, 7
6021, 36
6022, 62
6025, 38
6029, 41
6030, 21
6031, 61
6031, 71
6031, 77
6035, 87
6038, 7
6042, 5
6044, 14
6045, 56
6047, 81
6049, 84
6050, 6
6056, 50
6056, 98
6057, 23
6057, 84
6058, 85
6068, 17
6071, 64
6072, 63
6075, 24
6076, 3
6080, 100
6081, 60
6084, 76
6085, 79
6089, 20
6091, 62
6091, 83
6093, 24
6095, 55
6096, 45
6097, 71
6097, 84
6103, 4
6103, 75
6105, 35
6107, 35
6112, 4
6112, 79
6112, 97
6114, 31
6116, 73
6119, 7
6119, 92
6120, 93
6123, 9
6124, 47
6133, 30
6135, 36
6137, 48
6137, 95
6138, 19
6141, 58
6141, 98
6152, 11
6153, 49
6154, 57
6155, 4
6160, 77
6165, 36
6169, 18
6170, 8
6175, 81
6179, 96
6184, 23
6188, 38
6189, 67
6191, 97
6194, 97
6200, 24
6200, 99
6201, 49
6203, 21
6205, 14
6211, 48
6211, 55
6211, 80
6213, 61
6215, 10
6215, 51
6222, 79
6223, 34
6224, 100
6225, 7
6227, 40
6236, 45
6237, 81
6238, 27
6240, 70
6246, 18
6250, 6
6252, 30
6253, 91
6255, 32
6255, 64
6261, 34
6261, 78
6262, 43
6264, 3
6264, 99
6265, 67
6268, 18
6273, 12
6273, 15
6273, 38
6274, 40
6277, 33
6277, 49
6279, 31
6279, 48
6280, 64
6280, 85
6283, 99
6284, 15
6285, 41
6288, 67
6295, 79
6296, 86
6300, 80
6301, 60
6304, 35
6306, 51
6309, 22
6310, 27
6311, 4
6311, 7
6312, 31
6314, 9
6317, 40
6317, 68
6320, 45
6323, 62
6324, 39
6328, 78
6329, 93
6330, 68
6331, 59
6333, 5
6333, 10
6333, 62
6334, 29
6334, 60
6335, 87
6336, 62
6336, 80
6339, 43
6341, 18
6342, 16
6351, 56
6351, 59
6352, 52
6357, 84
6358, 62
6359, 28
6360, 55
6363, 46
6367, 72
6373, 20
6374, 50
6375, 1
6375, 40
6376, 51
6379, 99
6383, 16
6384, 100
6385, 11
6387, 87
6389, 38
6389, 57
6390, 36
6390, 40
6392, 31
6395, 49
6395, 84
6396, 41
6398, 17
6398, 90
6403, 91
6407, 64
6409, 49
6413, 1
6416, 92
6417, 22
6417, 31
6419, 100
6420, 48
6420, 97
6421, 27
6421, 50
6421, 58
6422, 56
6423, 27
6424, 1
6427, 55
6428, 19
6428, 93
6430, 8
6433, 56
6435, 42
6436, 37
6437, 9
6438, 62
6440, 7
6443, 70
6446, 88
6449, 43
6451, 14
6451, 85
6451, 99
6452, 54
6458, 76
6459, 12
6459, 24
6464, 90
6466, 4
6467, 51
6468, 73
6472, 48
6472, 94
6473, 10
6473, 94
6475, 81
6485, 14
6485, 19
6489, 10
6489, 68
6490, 63
6491, 36
6493, 65
6494, 24
6494, 52
6495, 48
6496, 14
6497, 50
6497, 61
6501, 14
6502, 60
6504, 98
6506, 46
6507, 73
6509, 1
6511, 27
6512, 26
6514, 99
6515, 24
6515, 89
6517, 2
6520, 20
6522, 57
6524, 67
6527, 14
6528, 12
6528, 62
6529, 46
6532, 27
6534, 78
6542, 28
6542, 52
6546, 57
6546, 99
6552, 20
6552, 52
6552, 92
6553, 38
6554, 88
6555, 47
6555, 50
6555, 78
6555, 88
6555, 93
6556, 73
6563, 89
6573, 25
6576, 91
6577, 51
6578, 4
6580, 68
6582, 77
6582, 94
6585, 71
6587, 14
6587, 76
6590, 38
6592, 43
6598, 87
6601, 27
6601, 84
6605, 90
6607, 19
6607, 52
6609, 45
6610, 64
6611, 87
6612, 32
6615, 69
6618, 71
6620, 18
6621, 39
6628, 13
6632, 21
6633, 29
6633, 84
6634, 27
6637, 61
6640, 81
6642, 67
6642, 95
6643, 67
6644, 2
6644, 90
6644, 94
6645, 5
6649, 67
6651, 34
6652, 40
6655, 81
6656, 93
6659, 46
6662, 23
6663, 48
6664, 87
6670, 46
6671, 36
6673, 1
6677, 84
6681, 31
6682, 25
6689, 93
6691, 61
6695, 84
6700, 72
6702, 84
6704, 35
6707, 22
6709, 33
6721, 11
6722, 54
6722, 76
6722, 90
6723, 12
6723, 23
6724, 52
6725, 27
6726, 23
6727, 1
6727, 47
6733, 19
6734, 57
6735, 8
6736, 5
6736, 14
6743, 19
6743, 27
6746, 58
6749, 58
6751, 96
6752, 65
6754, 36
6759, 31
6761, 77
6762, 43
6762, 50
6763, 67
6764, 35
6766, 3
6766, 15
6768, 35
6770, 87
6771, 93
6774, 92
6776, 85
6777, 99
6780, 100
6781, 17
6781, 29
6781, 72
6781, 86
6789, 66
6790, 34
6792, 20
6797, 84
6798, 28
6798, 55
6802, 67
6806, 63
6806, 84
6807, 30
6809, 96
6811, 54
6814, 44
6814, 59
6818, 63
6818, 86
6819, 68
6821, 57
6822, 21
6823, 37
6824, 41
6828, 83
6829, 48
6830, 97
6831, 13
6834, 49
6837, 63
6844, 88
6845, 41
6846, 33
6846, 63
6847, 4
6848, 99
6856, 22
6862, 82
6864, 15
6866, 27
6867, 12
6869, 36
6874, 5
6888, 9
6891, 15
6892, 21
6892, 62
6892, 85
6896, 33
6896, 90
6899, 97
6901, 72
6908, 41
6910, 18
6910, 26
6912, 48
6917, 20
6918, 89
6920, 2
6922, 27
6923, 7
6925, 3
6927, 42
6927, 71
6932, 80
6941, 43
6943, 65
6943, 72
6943, 81
6945, 80
6948, 74
6952, 37
6958, 42
6959, 19
6961, 23
6962, 61
6967, 80
6975, 78
6976, 32
6977, 2
6977, 68
6977, 88
6980, 4
6981, 65
6983, 27
6988, 3
6989, 84
6990, 16
6990, 97
6993, 3
6994, 28
6996, 15
6997, 62
6997, 66
7003, 24
7004, 36
7004, 74
7007, 36
7008, 29
7010, 26
7011, 9
7019, 80
7024, 91
7028, 46
7028, 66
7034, 9
7038, 61
7039, 55
7040, 91
7042, 86
7048, 80
7049, 58
7053, 75
7056, 88
7057, 63
7059, 1
7066, 14
7073, 95
7074, 59
7074, 86
7075, 62
7080, 41
7083, 65
7084, 45
7084, 64
7087, 66
7088, 50
7089, 44
7090, 44
7090, 87
7090, 97
7094, 50
7099, 42
7103, 73
7104, 80
7105, 33
7106, 27
7107, 93
7110, 20
7110, 44
7110, 98
7120, 11
7125, 13
7126, 8
7128, 64
7130, 58
7130, 78
7131, 52
7131, 63
7134, 1
7138, 63
7138, 92
7141, 77
7141, 88
7142, 14
7145, 2
7147, 30
7149, 24
7150, 35
7152, 23
7152, 32
7152, 61
7154, 2
7155, 2
7155, 82
7159, 10
7159, 32
7159, 49
7160, 12
7160, 21
7162, 47
7165, 87
7166, 37
7166, 88
7168, 31
7169, 93
7171, 53
7177, 67
7178, 13
7178, 44
7180, 8
7181, 93
7183, 33
7183, 42
7189, 45
7190, 32
7191, 28
7204, 80
7205, 29
7210, 41
7210, 67
7211, 2
7212, 10
7213, 4
7214, 57
7215, 98
7216, 15
7217, 42
7220, 82
7222, 52
7225, 83
7227, 12
7229, 10
7231, 90
7232, 43
7232, 92
7233, 12
7233, 51
7235, 28
7236, 100
7238, 29
7240, 15
7240, 49
7241, 100
7246, 14
7248, 94
7250, 66
7250, 72
7252, 65
7254, 50
7255, 80
7257, 33
7257, 63
7261, 98
7263, 67
7264, 53
7265, 44
7268, 18
7270, 54
7270, 84
7272, 48
7272, 67
7273, 20
7273, 54
7276, 17
7282, 11
7282, 96
7284, 65
7287, 8
7290, 14
7291, 82
7292, 36
7292, 45
7293, 74
7295, 98
7296, 7
7297, 35
7301, 15
7301, 96
7302, 34
7303, 96
7306, 10
7307, 39
7314, 41
7320, 20
7325, 94
7329, 50
7331, 56
7333, 3
7333, 17
7333, 99
7334, 29
7337, 5
7339, 44
7339, 90
7342, 45
7343, 84
7345, 92
7346, 68
7347, 12
7348, 89
7350, 93
7351, 3
7353, 35
7354, 50
7356, 11
7356, 87
7357, 82
7358, 5
7360, 92
7362, 60
7368, 40
7369, 3
7369, 9
7370, 47
7373, 4
7373, 19
7373, 52
7375, 66
7376, 35
7378, 30
7383, 19
7383, 62
7383, 88
7384, 53
7387, 48
7390, 19
7392, 62
7400, 16
7400, 38
7401, 52
7401, 86
7401, 90
7402, 13
7402, 56
7404, 15
7404, 91
7414, 45
7421, 4
7421, 58
7423, 88
7425, 67
7425, 98
7426, 94
7428, 62
7431, 20
7434, 3
7438, 17
7440, 5
7440, 8
7446, 26
7455, 55
7456, 90
7457, 25
7458, 89
7464, 29
7465, 58
7467, 30
7470, 42
7475, 71
7478, 10
7480, 12
7481, 100
7482, 97
7483, 84
7484, 86
7485, 75
7486, 44
7491, 37
7493, 16
7495, 78
7496, 54
7499, 80
7500, 76
7501, 59
7504, 66
7504, 91
7515, 70
7517, 19
7517, 79
7518, 6
7520, 4
7521, 1
7521, 8
7523, 7
7528, 30
7529, 74
7530, 14
7531, 19
7532, 19
7533, 93
7536, 64
7537, 20
7539, 30
7540, 78
7542, 41
7542, 56
7548, 76
7549, 3
7549, 16
7552, 34
7553, 26
7553, 47
7555, 24
7557, 28
7557, 84
7558, 38
7560, 90
7561, 75
7564, 7
7564, 55
7568, 77
7574, 55
7575, 37
7576, 7
7578, 48
7580, 15
7580, 68
7585, 97
7585, 100
7586, 97
7587, 78
7588, 33
7588, 70
7588, 100
7589, 64
7589, 99
7591, 4
7593, 64
7593, 73
7595, 16
7595, 44
7597, 12
7600, 21
7603, 69
7604, 89
7609, 71
7616, 84
7619, 92
7625, 99
7630, 70
7635, 83
7642, 4
7647, 37
7648, 47
7648, 95
7652, 57
7654, 58
7655, 27
7655, 79
7656, 89
7657, 29
7661, 35
7667, 8
7667, 20
7671, 15
7672, 9
7675, 72
7676, 41
7676, 96
7678, 98
7679, 59
7682, 22
7686, 12
7687, 15
7687, 46
7690, 79
7692, 43
7696, 44
7697, 30
7700, 8
7705, 57
7706, 25
7706, 56
7707, 1
7708, 66
7711, 24
7712, 58
7713, 29
7713, 52
7713, 61
7714, 44
7715, 17
7722, 95
7732, 56
7733, 92
7735, 62
7736, 49
7737, 49
7737, 80
7739, 48
7740, 32
7741, 67
7741, 100
7742, 7
7744, 54
7746, 15
7746, 23
7747, 10
7748, 96
7751, 85
7753, 48
7755, 30
7758, 69
7759, 18
7759, 60
7760, 29
7762, 34
7763, 33
7767, 80
7768, 93
7770, 97
7772, 45
7772, 89
7775, 2
7776, 79
7779, 69
7780, 9
7783, 62
7785, 39
7788, 96
7790, 10
7790, 86
7791, 81
7794, 4
7796, 51
7796, 84
7797, 69
7800, 17
7800, 67
7800, 91
7803, 90
7806, 100
7808, 51
7810, 8
7811, 11
7818, 61
7818, 82
7821, 81
7821, 94
7822, 29
7825, 11
7825, 19
7826, 81
7831, 27
7835, 64
7836, 94
7837, 77
7837, 85
7840, 77
7841, 4
7844, 49
7849, 35
7854, 88
7855, 89
7870, 49
7871, 12
7873, 1
7873, 46
7874, 26
7875, 97
7878, 24
7878, 62
7880, 61
7881, 88
7883, 50
7883, 97
7884, 51
7885, 23
7887, 37
7888, 5
7891, 77
7894, 52
7895, 5
7895, 32
7895, 52
7900, 80
7904, 94
7906, 73
7909, 35
7910, 96
7911, 27
7911, 38
7914, 33
7915, 16
7916, 78
7918, 87
7922, 19
7922, 53
7926, 86
7928, 80
7933, 83
7934, 2
7936, 58
7947, 22
7953, 15
7953, 100
7954, 82
7955, 4
7955, 72
7957, 21
7962, 24
7962, 64
7963, 59
7964, 25
7970, 35
7974, 22
7977, 3
7977, 35
7978, 40
7980, 35
7983, 36
7983, 60
7985, 98
7991, 59
7993, 7
7994, 83
7998, 66
8005, 82
8008, 60
8011, 11
8013, 41
8014, 96
8017, 26
8019, 74
8023, 33
8026, 47
8028, 91
8029, 36
8031, 73
8034, 39
8041, 41
8051, 28
8051, 62
8054, 2
8055, 5
8059, 79
8068, 67
8069, 25
8070, 12
8072, 49
8074, 40
8075, 18
8078, 51
8080, 75
8081, 18
8086, 76
8087, 4
8088, 61
8088, 73
8090, 58
8094, 1
8095, 32
8096, 33
8097, 41
8100, 3
8101, 50
8102, 65
8103, 83
8105, 87
8106, 56
8108, 47
8110, 5
8111, 60
8112, 43
8117, 28
8118, 97
8119, 81
8120, 65
8122, 66
8122, 99
8123, 84
8126, 20
8126, 30
8131, 79
8132, 54
8134, 34
8134, 94
8137, 14
8137, 52
8139, 41
8139, 60
8143, 4
8144, 5
8145, 2
8146, 12
8148, 26
8149, 2
8150, 87
8151, 85
8154, 92
8155, 31
8156, 98
8159, 76
8166, 12
8166, 38
8168, 40
8170, 57
8172, 3
8173, 7
8173, 43
8177, 81
8178, 42
8180, 47
8180, 76
8183, 10
8183, 45
8186, 73
8188, 82
8190, 26
8192, 80
8198, 76
8199, 41
8201, 48
8203, 18
8203, 30
8203, 74
8203, 88
8211, 58
8212, 3
8214, 76
8217, 44
8221, 71
8224, 26
8225, 37
8229, 21
8229, 35
8229, 39
8230, 80
8233, 22
8235, 25
8235, 33
8239, 99
8241, 94
8244, 8
8244, 81
8245, 60
8247, 43
8252, 75
8254, 64
8255, 72
8257, 39
8265, 20
8266, 41
8268, 55
8269, 89
8270, 43
8273, 11
8273, 30
8275, 52
8276, 61
8277, 46
8277, 87
8278, 5
8279, 11
8279, 59
8281, 12
8284, 70
8285, 76
8286, 57
8286, 85
8288, 96
8292, 83
8293, 91
8295, 8
8296, 100
8300, 90
8301, 73
8302, 40
8303, 10
8304, 67
8309, 10
8311, 32
8312, 32
8314, 38
8316, 61
8316, 96
8321, 7
8321, 59
8327, 62
8328, 47
8332, 78
8333, 42
8339, 31
8341, 66
8343, 10
8343, 52
8347, 82
8347, 86
8351, 97
8352, 13
8353, 30
8353, 73
8358, 3
8359, 67
8362, 94
8364, 1
8365, 26
8366, 39
8367, 98
8371, 53
8374, 7
8374, 67
8376, 6
8378, 76
8380, 43
8382, 91
8383, 35
8383, 56
8384, 3
8390, 78
8391, 4
8391, 22
8391, 28
8392, 8
8394, 7
8398, 11
8398, 67
8399, 13
8400, 31
8400, 86
8401, 54
8402, 19
8406, 6
8409, 5
8413, 54
8413, 100
8417, 59
8419, 77
8422, 12
8423, 32
8425, 62
8426, 12
8426, 95
8427, 91
8429, 92
8430, 38
8430, 53
8434, 68
8438, 8
8439, 42
8440, 25
8440, 40
8440, 86
8441, 73
8444, 10
8445, 55
8447, 54
8449, 42
8449, 83
8450, 2
8452, 35
8452, 68
8456, 79
8461, 50
8462, 22
8464, 10
8465, 8
8468, 57
8469, 12
8471, 57
8474, 45
8476, 21
8482, 40
8483, 56
8484, 26
8484, 35
8484, 85
8485, 39
8485, 83
8487, 2
8489, 46
8489, 58
8492, 35
8496, 59
8498, 19
8498, 88
8501, 98
8502, 92
8503, 50
8503, 66
8504, 29
8505, 47
8510, 54
8511, 7
8513, 16
8513, 70
8514, 65
8514, 92
8516, 7
8517, 69
8519, 45
8519, 61
8520, 22
8520, 37
8520, 51
8520, 69
8521, 84
8523, 13
8526, 65
8527, 65
8528, 68
8528, 76
8530, 8
8530, 27
8530, 91
8533, 5
8534, 54
8534, 60
8536, 69
8544, 59
8549, 86
8551, 97
8556, 9
8559, 16
8562, 96
8563, 32
8564, 36
8565, 75
8569, 17
8571, 58
8572, 19
8574, 54
8579, 33
8582, 73
8583, 8
8584, 93
8585, 96
8587, 42
8592, 48
8593, 62
8602, 93
8603, 55
8610, 36
8613, 55
8615, 15
8616, 46
8616, 49
8616, 56
8619, 46
8620, 50
8621, 89
8622, 60
8623, 89
8625, 66
8625, 80
8628, 27
8631, 5
8631, 52
8639, 46
8640, 33
8640, 47
8641, 76
8641, 93
8643, 8
8644, 79
8646, 84
8649, 2
8649, 46
8650, 68
8652, 50
8653, 8
8653, 12
8653, 50
8655, 18
8659, 9
8664, 29
8665, 6
8665, 18
8666, 57
8667, 53
8667, 80
8669, 21
8672, 60
8675, 23
8675, 75
8676, 82
8679, 3
8680, 94
8682, 48
8682, 65
8683, 16
8684, 54
8684, 76
8686, 4
8691, 40
8704, 38
8704, 60
8707, 6
8707, 74
8707, 99
8710, 28
8710, 65
8710, 80
8713, 13
8716, 21
8716, 66
8718, 39
8719, 72
8719, 99
8720, 69
8723, 27
8723, 97
8727, 3
8728, 8
8731, 38
8733, 18
8733, 80
8734, 45
8740, 73
8741, 17
8741, 27
8741, 95
8742, 36
8742, 76
8743, 70
8744, 57
8745, 29
8746, 16
8748, 66
8750, 59
8757, 57
8759, 33
8760, 84
8762, 1
8764, 27
8767, 12
8768, 21
8770, 87
8771, 58
8772, 14
8773, 38
8773, 82
8774, 5
8778, 20
8779, 46
8781, 88
8782, 86
8784, 15
8785, 40
8787, 5
8790, 52
8790, 69
8796, 22
8796, 82
8797, 52
8798, 25
8799, 49
8801, 68
8802, 73
8806, 65
8807, 99
8810, 66
8811, 76
8814, 70
8819, 34
8819, 83
8825, 67
8826, 50
8826, 97
8829, 96
8830, 92
8832, 36
8832, 39
8837, 31
8839, 78
8841, 99
8849, 43
8853, 61
8854, 47
8855, 27
8856, 42
8857, 13
8857, 45
8860, 11
8861, 45
8861, 71
8862, 75
8862, 99
8866, 91
8870, 9
8871, 73
8871, 79
8875, 81
8876, 33
8881, 5
8881, 42
8881, 80
8885, 18
8885, 72
8889, 5
8893, 88
8900, 19
8900, 33
8901, 44
8902, 39
8903, 37
8906, 93
8908, 88
8909, 34
8909, 67
8914, 83
8914, 91
8918, 99
8920, 42
8922, 54
8923, 15
8923, 22
8923, 53
8924, 63
8926, 81
8927, 32
8927, 40
8932, 5
8932, 24
8934, 20
8934, 24
8936, 43
8936, 78
8942, 92
8949, 9
8950, 9
8951, 31
8952, 89
8953, 63
8956, 72
8957, 51
8958, 37
8959, 100
8963, 82
8969, 7
8970, 38
8972, 43
8974, 68
8975, 90
8976, 95
8977, 1
8977, 53
8977, 75
8979, 11
8985, 77
8989, 45
8993, 32
8996, 73
8996, 79
9001, 96
9003, 46
9003, 65
9005, 17
9006, 75
9012, 75
9018, 45
9027, 33
9029, 32
9039, 79
9040, 64
9041, 32
9043, 46
9044, 85
9051, 69
9059, 34
9060, 4
9061, 85
9062, 28
9063, 7
9065, 15
9065, 95
9066, 14
9067, 56
9067, 61
9068, 24
9071, 20
9076, 65
9077, 59
9078, 67
9081, 65
9081, 92
9088, 83
9090, 11
9092, 76
9095, 34
9097, 83
9099, 74
9101, 92
9102, 73
9104, 76
9105, 53
9110, 45
9111, 51
9112, 87
9114, 16
9114, 25
9116, 71
9117, 2
9119, 75
9121, 20
9125, 65
9127, 34
9128, 59
9128, 93
9129, 85
9130, 58
9132, 20
9136, 97
9138, 18
9142, 64
9146, 94
9148, 59
9149, 68
9151, 93
9152, 51
9153, 42
9153, 81
9153, 92
9154, 35
9157, 95
9161, 61
9162, 38
9163, 40
9163, 67
9163, 94
9166, 20
9167, 25
9168, 65
9175, 57
9179, 75
9181, 86
9182, 6
9183, 30
9185, 57
9185, 67
9190, 62
9191, 33
9194, 82
9195, 71
9195, 96
9196, 40
9196, 53
9198, 67
9198, 74
9198, 88
9199, 3
9202, 57
9204, 9
9206, 2
9206, 59
9209, 74
9212, 59
9213, 44
9213, 56
9214, 3
9219, 48
9220, 7
9222, 46
9224, 98
9226, 26
9226, 30
9227, 35
9228, 93
9230, 20
9230, 66
9232, 71
9234, 71
9236, 55
9237, 22
9238, 28
9238, 91
9241, 57
9241, 79
9243, 39
9243, 82
9243, 87
9246, 9
9249, 23
9251, 91
9254, 41
9256, 48
9257, 73
9261, 54
9263, 69
9264, 36
9270, 11
9271, 53
9271, 92
9273, 24
9279, 89
9282, 37
9284, 17
9290, 77
9294, 75
9295, 46
9299, 67
9300, 6
9300, 11
9301, 82
9302, 37
9304, 100
9307, 71
9307, 92
9309, 48
9311, 8
9312, 26
9312, 37
9313, 42
9313, 54
9319, 98
9320, 65
9322, 8
9322, 63
9322, 85
9323, 35
9323, 51
9326, 71
9327, 22
9328, 60
9328, 65
9329, 50
9333, 17
9334, 8
9337, 36
9337, 46
9338, 88
9339, 51
9342, 45
9344, 84
9346, 60
9348, 3
9348, 86
9349, 32
9350, 96
9351, 8
9351, 25
9351, 69
9351, 72
9352, 30
9353, 51
9360, 91
9361, 18
9363, 54
9363, 57
9365, 99
9367, 56
9368, 52
9368, 56
9371, 32
9371, 79
9373, 5
9374, 5
9378, 57
9381, 59
9381, 75
9384, 25
9388, 49
9388, 74
9390, 9
9391, 78
9394, 36
9396, 24
9400, 49
9401, 74
9403, 99
9405, 6
9405, 86
9407, 72
9410, 30
9412, 14
9412, 36
9415, 60
9415, 100
9417, 60
9423, 46
9427, 32
9429, 5
9429, 30
9429, 58
9430, 58
9433, 25
9435, 17
9436, 79
9437, 35
9437, 83
9438, 29
9439, 82
9442, 9
9443, 83
9444, 86
9446, 38
9448, 94
9449, 64
9450, 47
9451, 17
9453, 68
9454, 90
9455, 25
9456, 34
9457, 51
9460, 88
9461, 12
9462, 49
9463, 43
9465, 28
9468, 28
9470, 35
9470, 42
9472, 86
9473, 36
9476, 1
9477, 17
9480, 55
9483, 45
9484, 38
9484, 79
9488, 46
9489, 32
9490, 18
9490, 100
9495, 73
9496, 81
9502, 61
9504, 40
9510, 52
9512, 40
9512, 63
9512, 69
9513, 24
9516, 91
9517, 68
9519, 54
9522, 59
9523, 57
9524, 60
9524, 84
9527, 89
9527, 94
9528, 16
9528, 50
9529, 45
9531, 87
9533, 92
9534, 53
9539, 13
9539, 72
9540, 4
9541, 70
9543, 63
9545, 62
9546, 41
9547, 38
9550, 12
9555, 49
9556, 49
9560, 79
9564, 3
9565, 70
9565, 90
9566, 91
9567, 25
9569, 52
9570, 28
9570, 90
9572, 32
9578, 50
9579, 92
9583, 76
9587, 80
9588, 99
9589, 49
9589, 69
9591, 25
9595, 75
9596, 31
9596, 61
9597, 77
9599, 58
9600, 3
9600, 17
9601, 96
9612, 33
9619, 53
9620, 97
9622, 7
9624, 33
9629, 86
9635, 98
9638, 97
9641, 83
9648, 38
9649, 30
9649, 96
9650, 46
9653, 43
9659, 43
9659, 73
9660, 23
9661, 42
9664, 27
9666, 11
9667, 4
9667, 8
9668, 4
9669, 44
9671, 28
9672, 69
9673, 60
9673, 66
9675, 84
9675, 97
9676, 43
9683, 95
9684, 27
9691, 87
9691, 94
9692, 87
9694, 86
9696, 51
9698, 2
9699, 18
9699, 63
9700, 73
9700, 96
9710, 79
9711, 24
9712, 85
9715, 65
9716, 24
9717, 78
9720, 5
9720, 82
9723, 79
9724, 88
9728, 47
9729, 49
9730, 38
9735, 75
9735, 88
9736, 80
9744, 33
9744, 76
9748, 37
9751, 41
9754, 26
9755, 61
9756, 90
9759, 44
9760, 7
9763, 83
9766, 65
9766, 78
9769, 31
9769, 98
9771, 66
9772, 10
9772, 53
9775, 26
9777, 100
9778, 22
9780, 12
9781, 70
9782, 25
9782, 49
9783, 2
9783, 50
9786, 11
9787, 38
9789, 83
9791, 73
9792, 65
9793, 14
9795, 12
9799, 9
9800, 24
9807, 14
9807, 27
9809, 28
9809, 31
9812, 6
9815, 44
9815, 56
9817, 83
9820, 95
9821, 23
9822, 23
9823, 74
9825, 98
9828, 92
9831, 60
9832, 82
9836, 62
9837, 75
9839, 36
9841, 1
9841, 4
9845, 47
9847, 31
9847, 83
9848, 70
9849, 75
9850, 67
9850, 95
9853, 61
9854, 64
9854, 71
9855, 64
9856, 75
9857, 12
9859, 96
9860, 73
9861, 100
9862, 57
9864, 74
9865, 47
9866, 72
9871, 20
9872, 7
9877, 77
9878, 62
9878, 91
9881, 82
9882, 3
9883, 1
9883, 30
9883, 47
9883, 61
9884, 73
9885, 16
9888, 82
9889, 87
9890, 26
9892, 34
9893, 21
9893, 81
9897, 40
9898, 30
9903, 5
9903, 78
9905, 51
9906, 69
9907, 58
9917, 9
9931, 65
9934, 41
9936, 40
9937, 11
9937, 60
9939, 32
9940, 86
9941, 6
9945, 37
9945, 72
9947, 68
9952, 49
9952, 79
9953, 74
9955, 63
9956, 38
9957, 72
9959, 90
9962, 14
9963, 29
9967, 67
9967, 97
9968, 4
9968, 35
9973, 100
9974, 96
9978, 32
9978, 98
9984, 23
9984, 53
9985, 68
9987, 47
9988, 18
9989, 1
9989, 35
9991, 75
9994, 3
9995, 61
9996, 72
9998, 1
9998, 10
9998, 55
9998, 88
10000, 64
